[gd_scene load_steps=3 format=3 uid="uid://ddh5sliebtvrw"]

[ext_resource type="Script" path="res://Scripts/cell_positions.gd" id="1_aji7e"]
[ext_resource type="Texture2D" uid="uid://va1skju5s825" path="res://Assets/Textures/game_of_goose_hd.png" id="1_ncil4"]

[node name="CellPositions" type="Node"]
script = ExtResource("1_aji7e")

[node name="p00" type="Marker3D" parent="."]
transform = Transform3D(1, 0, 0, 0, 1, 0, 0, 0, 1, -1.27531, 0, 3.55069)

[node name="p01" type="Marker3D" parent="."]
transform = Transform3D(1, 0, 0, 0, 1, 0, 0, 0, 1, -0.614588, 0, 3.56803)

[node name="p02" type="Marker3D" parent="."]
transform = Transform3D(0.999997, 0.00110992, -0.0022266, -0.00110948, 0.999999, 0.000199854, 0.00222682, -0.000197395, 0.999997, 0.0512162, 0, 3.56803)

[node name="p03" type="Marker3D" parent="."]
transform = Transform3D(0.999998, 0.000818, -0.0016617, -0.000816799, 0.999999, 0.000727619, 0.00166229, -0.000726269, 0.999998, 0.725556, 0, 3.56803)

[node name="p04" type="Marker3D" parent="."]
transform = Transform3D(0.990125, 0.00070672, 0.140189, -0.000816799, 0.999999, 0.000727619, -0.140189, -0.000834947, 0.990124, 1.51086, 0, 3.56803)

[node name="p05" type="Marker3D" parent="."]
transform = Transform3D(0.921343, 0.00046968, 0.388751, -0.000816799, 0.999999, 0.000727619, -0.38875, -0.000987922, 0.921343, 2.43348, 0, 3.30854)

[node name="p06" type="Marker3D" parent="."]
transform = Transform3D(0.843768, 0.00029866, 0.536707, -0.000816799, 0.999999, 0.000727618, -0.536707, -0.00105233, 0.843768, 3.27536, 0, 2.853)

[node name="p07" type="Marker3D" parent="."]
transform = Transform3D(0.639147, -3.75575e-05, 0.769085, -0.000816799, 0.999999, 0.000727618, -0.769084, -0.00109324, 0.639147, 3.94426, 0, 2.20141)

[node name="p08" type="Marker3D" parent="."]
transform = Transform3D(0.432766, -0.000302481, 0.901506, -0.000816799, 0.999999, 0.000727618, -0.901506, -0.00105124, 0.432766, 4.44593, 0, 1.39988)

[node name="p09" type="Marker3D" parent="."]
transform = Transform3D(0.158266, -0.000589187, 0.987397, -0.000816799, 0.999999, 0.000727618, -0.987396, -0.000921655, 0.158265, 4.73424, 0, 0.459972)

[node name="p10" type="Marker3D" parent="."]
transform = Transform3D(-0.151567, -0.00084302, 0.988447, -0.000816799, 0.999999, 0.000727618, -0.988447, -0.00069707, -0.151568, 4.72271, 0, -0.514539)

[node name="p11" type="Marker3D" parent="."]
transform = Transform3D(-0.365588, -0.000975868, 0.930777, -0.000816799, 0.999999, 0.000727618, -0.930777, -0.000494239, -0.365588, 4.46899, 0, -1.42562)

[node name="p12" type="Marker3D" parent="."]
transform = Transform3D(-0.549413, -0.00105673, 0.83555, -0.000816799, 0.999999, 0.000727618, -0.835551, -0.000282702, -0.549413, 3.97309, 0, -2.25597)

[node name="p13" type="Marker3D" parent="."]
transform = Transform3D(-0.747563, -0.00109389, 0.66419, -0.000816799, 0.999999, 0.000727618, -0.66419, 1.44292e-06, -0.747564, 3.27536, 0, -2.9364)

[node name="p14" type="Marker3D" parent="."]
transform = Transform3D(-0.885188, -0.00106153, 0.465232, -0.000816799, 0.999999, 0.000727618, -0.465232, 0.00026409, -0.885189, 2.43348, 0, -3.38041)

[node name="p15" type="Marker3D" parent="."]
transform = Transform3D(-0.994585, -0.000887987, 0.103925, -0.000816799, 0.999999, 0.000727618, -0.103925, 0.000638802, -0.994585, 1.56853, 0, -3.58223)

[node name="p16" type="Marker3D" parent="."]
transform = Transform3D(-1, 3.48787e-16, 8.74228e-08, 3.48787e-16, 1, -3.48787e-16, -8.74228e-08, -3.48787e-16, -1, 0.813136, 0, -3.588)

[node name="p17" type="Marker3D" parent="."]
transform = Transform3D(-1, 3.48787e-16, 8.74228e-08, 3.48787e-16, 1, -3.48787e-16, -8.74228e-08, -3.48787e-16, -1, 0.198271, 0, -3.59731)

[node name="p18" type="Marker3D" parent="."]
transform = Transform3D(-1, 3.48787e-16, 8.74228e-08, 3.48787e-16, 1, -3.48787e-16, -8.74228e-08, -3.48787e-16, -1, -0.419699, 0, -3.59731)

[node name="p19" type="Marker3D" parent="."]
transform = Transform3D(-1, 3.48787e-16, 8.74228e-08, 3.48787e-16, 1, -3.48787e-16, -8.74228e-08, -3.48787e-16, -1, -1.03146, 0, -3.59421)

[node name="p20" type="Marker3D" parent="."]
transform = Transform3D(-0.978433, 2.69218e-16, -0.206563, 3.48787e-16, 1, -3.48787e-16, 0.206563, -4.13311e-16, -0.978434, -1.77675, 0, -3.57557)

[node name="p21" type="Marker3D" parent="."]
transform = Transform3D(-0.945921, 2.1678e-16, -0.324396, 3.48787e-16, 1, -3.48787e-16, 0.324396, -4.4307e-16, -0.945922, -2.55309, 0, -3.32404)

[node name="p22" type="Marker3D" parent="."]
transform = Transform3D(-0.850307, 1.13013e-16, -0.526288, 3.48787e-16, 1, -3.48787e-16, 0.526288, -4.80138e-16, -0.850307, -3.30459, 0, -2.98555)

[node name="p23" type="Marker3D" parent="."]
transform = Transform3D(-0.641008, -4.41308e-17, -0.767535, 3.48787e-16, 1, -3.48787e-16, 0.767534, -4.91281e-16, -0.641008, -3.9443, 0, -2.40174)

[node name="p24" type="Marker3D" parent="."]
transform = Transform3D(-0.406147, -1.77066e-16, -0.913808, 3.48787e-16, 1, -3.48787e-16, 0.913808, -4.60383e-16, -0.406147, -4.40079, 0, -1.70303)

[node name="p25" type="Marker3D" parent="."]
transform = Transform3D(-0.134592, -2.98669e-16, -0.990901, 3.48787e-16, 1, -3.48787e-16, 0.990901, -3.92557e-16, -0.134592, -4.62127, 0, -0.898739)

[node name="p26" type="Marker3D" parent="."]
transform = Transform3D(0.114989, -3.8658e-16, -0.993367, 3.48787e-16, 1, -3.48787e-16, 0.993367, -3.06367e-16, 0.114989, -4.66164, 0, -0.029234)

[node name="p27" type="Marker3D" parent="."]
transform = Transform3D(0.385149, -4.56214e-16, -0.922855, 3.48787e-16, 1, -3.48787e-16, 0.922854, -1.87545e-16, 0.385149, -4.43495, 0, 0.849588)

[node name="p28" type="Marker3D" parent="."]
transform = Transform3D(0.67044, -4.92628e-16, -0.741964, 3.48787e-16, 1, -3.48787e-16, 0.741964, -2.49468e-17, 0.67044, -3.99709, 0, 1.63525)

[node name="p29" type="Marker3D" parent="."]
transform = Transform3D(0.813822, -4.86536e-16, -0.581115, 3.48787e-16, 1, -3.48787e-16, 0.581115, 8.1165e-17, 0.813822, -3.36049, 0, 2.17869)

[node name="p30" type="Marker3D" parent="."]
transform = Transform3D(0.925488, -4.54911e-16, -0.378778, 3.48787e-16, 1, -3.48787e-16, 0.378778, 1.90685e-16, 0.925488, -2.58104, 0, 2.52649)

[node name="p31" type="Marker3D" parent="."]
transform = Transform3D(0.982781, -4.07228e-16, -0.184775, 3.48787e-16, 1, -3.48787e-16, 0.184775, 2.78334e-16, 0.982781, -1.91339, 0, 2.74697)

[node name="p32" type="Marker3D" parent="."]
transform = Transform3D(1, -3.48787e-16, 3.48787e-16, 3.48787e-16, 1, -3.48787e-16, -3.48787e-16, 3.48787e-16, 1, -1.25815, 0, 2.77182)

[node name="p33" type="Marker3D" parent="."]
transform = Transform3D(1, -3.48787e-16, 3.48787e-16, 3.48787e-16, 1, -3.48787e-16, -3.48787e-16, 3.48787e-16, 1, -0.590495, 0, 2.77182)

[node name="p34" type="Marker3D" parent="."]
transform = Transform3D(1, -3.48787e-16, 3.48787e-16, 3.48787e-16, 1, -3.48787e-16, -3.48787e-16, 3.48787e-16, 1, 0.0678452, 0, 2.77492)

[node name="p35" type="Marker3D" parent="."]
transform = Transform3D(1, -3.48787e-16, 3.48787e-16, 3.48787e-16, 1, -3.48787e-16, -3.48787e-16, 3.48787e-16, 1, 0.747922, 0, 2.77492)

[node name="p36" type="Marker3D" parent="."]
transform = Transform3D(0.988905, -2.93104e-16, 0.148552, 3.48787e-16, 1, -3.48787e-16, -0.148552, 3.9673e-16, 0.988905, 1.43732, 0, 2.74697)

[node name="p37" type="Marker3D" parent="."]
transform = Transform3D(0.904961, -1.67231e-16, 0.425495, 3.48787e-16, 1, -3.48787e-16, -0.425495, 4.64046e-16, 0.904961, 2.15776, 0, 2.53581)

[node name="p38" type="Marker3D" parent="."]
transform = Transform3D(0.786062, -5.85663e-17, 0.618148, 3.48787e-16, 1, -3.48787e-16, -0.618148, 4.8977e-16, 0.786062, 2.76021, 0, 2.19732)

[node name="p39" type="Marker3D" parent="."]
transform = Transform3D(0.582648, 8.02477e-17, 0.812725, 3.48787e-16, 1, -3.48787e-16, -0.812725, 4.86688e-16, 0.582648, 3.30675, 0, 1.71599)

[node name="p40" type="Marker3D" parent="."]
transform = Transform3D(0.396155, 1.82077e-16, 0.918184, 3.48787e-16, 1, -3.48787e-16, -0.918184, 4.58424e-16, 0.396155, 3.69182, 0, 1.0887)

[node name="p41" type="Marker3D" parent="."]
transform = Transform3D(0.0829299, 3.18661e-16, 0.996556, 3.48787e-16, 1, -3.48787e-16, -0.996555, 3.7651e-16, 0.08293, 3.9092, 0, 0.346516)

[node name="p42" type="Marker3D" parent="."]
transform = Transform3D(-0.146549, 3.96136e-16, 0.989204, 3.48787e-16, 1, -3.48787e-16, -0.989203, 2.93907e-16, -0.146549, 3.9092, 0, -0.392563)

[node name="p43" type="Marker3D" parent="."]
transform = Transform3D(-0.346494, 4.48033e-16, 0.938052, 3.48787e-16, 1, -3.48787e-16, -0.938052, 2.06328e-16, -0.346494, 3.71666, 0, -1.11301)

[node name="p44" type="Marker3D" parent="."]
transform = Transform3D(-0.563858, 4.84719e-16, 0.825872, 3.48787e-16, 1, -3.48787e-16, -0.825872, 9.13872e-17, -0.563858, 3.34402, 0, -1.76514)

[node name="p45" type="Marker3D" parent="."]
transform = Transform3D(-0.793736, 4.88999e-16, 0.608263, 3.48787e-16, 1, -3.48787e-16, -0.608263, -6.46905e-17, -0.793736, 2.76952, 0, -2.27132)

[node name="p46" type="Marker3D" parent="."]
transform = Transform3D(-0.923993, 4.55656e-16, 0.382409, 3.48787e-16, 1, -3.48787e-16, -0.382409, -1.88897e-16, -0.923993, 2.1205, 0, -2.61601)

[node name="p47" type="Marker3D" parent="."]
transform = Transform3D(-0.993554, 3.86077e-16, 0.113359, 3.48787e-16, 1, -3.48787e-16, -0.113359, -3.07e-16, -0.993554, 1.45284, 0, -2.7837)

[node name="p48" type="Marker3D" parent="."]
transform = Transform3D(-1, 3.48787e-16, -8.74228e-08, 3.48787e-16, 1, -3.48787e-16, 8.74228e-08, -3.48787e-16, -1, 0.822451, 0, -2.79923)

[node name="p49" type="Marker3D" parent="."]
transform = Transform3D(-1, 3.48787e-16, -8.74228e-08, 3.48787e-16, 1, -3.48787e-16, 8.74228e-08, -3.48787e-16, -1, 0.204482, 0, -2.77439)

[node name="p50" type="Marker3D" parent="."]
transform = Transform3D(-1, 3.48787e-16, -8.74228e-08, 3.48787e-16, 1, -3.48787e-16, 8.74228e-08, -3.48787e-16, -1, -0.407278, 0, -2.76818)

[node name="p51" type="Marker3D" parent="."]
transform = Transform3D(-1, 3.48787e-16, -8.74228e-08, 3.48787e-16, 1, -3.48787e-16, 8.74228e-08, -3.48787e-16, -1, -1.04077, 0, -2.7837)

[node name="p52" type="Marker3D" parent="."]
transform = Transform3D(-0.990529, 2.97593e-16, -0.137306, 3.48787e-16, 1, -3.48787e-16, 0.137306, -3.93374e-16, -0.990529, -1.65253, 0, -2.75575)

[node name="p53" type="Marker3D" parent="."]
transform = Transform3D(-0.931558, 1.98099e-16, -0.363593, 3.48787e-16, 1, -3.48787e-16, 0.363593, -4.51732e-16, -0.931558, -2.24877, 0, -2.56012)

[node name="p54" type="Marker3D" parent="."]
transform = Transform3D(-0.78263, 5.58556e-17, -0.622487, 3.48787e-16, 1, -3.48787e-16, 0.622487, -4.90086e-16, -0.78263, -2.83258, 0, -2.32721)

[node name="p55" type="Marker3D" parent="."]
transform = Transform3D(-0.606585, -6.57231e-17, -0.795018, 3.48787e-16, 1, -3.48787e-16, 0.795018, -4.88861e-16, -0.606585, -3.30459, 0, -1.93594)

[node name="p56" type="Marker3D" parent="."]
transform = Transform3D(-0.432023, -1.63874e-16, -0.901863, 3.48787e-16, 1, -3.48787e-16, 0.901863, -4.65242e-16, -0.432023, -3.64929, 0, -1.38318)

[node name="p57" type="Marker3D" parent="."]
transform = Transform3D(-0.138551, -2.97098e-16, -0.990355, 3.48787e-16, 1, -3.48787e-16, 0.990355, -3.93748e-16, -0.138551, -3.82009, 0, -0.771419)

[node name="p58" type="Marker3D" parent="."]
transform = Transform3D(0.131928, -3.91753e-16, -0.991259, 3.48787e-16, 1, -3.48787e-16, 0.991259, -2.99724e-16, 0.131928, -3.85114, 0, -0.131712)

[node name="p59" type="Marker3D" parent="."]
transform = Transform3D(0.344496, -4.47592e-16, -0.938788, 3.48787e-16, 1, -3.48787e-16, 0.938788, -2.07281e-16, 0.344496, -3.68966, 0, 0.501785)

[node name="p60" type="Marker3D" parent="."]
transform = Transform3D(0.652165, -4.91874e-16, -0.758077, 3.48787e-16, 1, -3.48787e-16, 0.758077, -3.6941e-17, 0.652165, -3.34186, 0, 1.0887)

[node name="p61" type="Marker3D" parent="."]
transform = Transform3D(0.841747, -4.81891e-16, -0.539873, 3.48787e-16, 1, -3.48787e-16, 0.539873, 1.0529e-16, 0.841747, -2.8481, 0, 1.52966)

[node name="p62" type="Marker3D" parent="."]
transform = Transform3D(0.889432, -4.69641e-16, -0.457067, 3.48787e-16, 1, -3.48787e-16, 0.457067, 1.50803e-16, 0.889432, -2.28293, 0, 1.79983)

[node name="p63" type="Marker3D" parent="."]
transform = Transform3D(0.999009, -3.63965e-16, -0.0445084, 3.48787e-16, 1, -3.48787e-16, 0.0445084, 3.32917e-16, 0.999009, -1.47242, 0, 1.90542)

[node name="board" type="Sprite3D" parent="."]
transform = Transform3D(-4.37114e-08, 1, 4.37114e-08, -1.5246e-23, -4.37114e-08, 1, 1, 4.37114e-08, 1.91069e-15, 0, 0, 0)
visible = false
pixel_size = 0.005
shaded = true
texture = ExtResource("1_ncil4")
